1.5089560469264697e-6;38.26074802700826
1.5091605141530167e-6;38.1424759573192
1.5093648445626974e-6;38.11172695066554
1.509569038194313e-6;38.11709026696191
1.5097730950865315e-6;38.19214799882384
1.509977015277891e-6;38.209235878813175
1.5101807988067978e-6;38.14580516010319
1.5103844457115276e-6;38.05908455074197
1.5105879560302248e-6;38.10837151140488
1.5107913298009042e-6;38.14114356129125
1.5109945670614523e-6;38.092903011763156
1.511197667849626e-6;38.061121101690915
1.5114006322030529e-6;38.119099804200985
1.5116034601592338e-6;38.09828961067886
1.511806151755541e-6;37.99409479615127
1.512008707029221e-6;38.00166990201364
1.5122111260173917e-6;38.06858029518817
1.5124134087570472e-6;38.101652845431495
1.5126155552850538e-6;38.01335095674546
1.512817565638154e-6;37.98097932062486
1.513019439852965e-6;37.985125330313515
1.5132211779659797e-6;38.00166990201364
1.5134227800135676e-6;38.01952234854282
1.5136242460319737e-6;37.983743766815614
1.5138255760573213e-6;37.95184589682424
1.5140267701256111e-6;37.966437037851165
1.5142278282727213e-6;37.96921075330169
1.5144287505344085e-6;37.876729646874935
1.5146295369463097e-6;37.89298611159441
1.5148301875439398e-6;37.92741785834749
1.5150307023626939e-6;37.96504951553296
1.515231081437848e-6;37.8915749191144
1.5154313248045585e-6;37.808931086870786
1.515631432497863e-6;37.80245283865352
1.5158314045526815e-6;37.79812863170581
1.5160312410038156e-6;37.7952434332479
1.5162309418859495e-6;37.77934048837779
1.5164305072336513e-6;37.77934048837779
1.5166299370813722e-6;37.765559107032615
1.5168292314634478e-6;37.737133252770214
1.5170283904140974e-6;37.64475027434409
1.5172274139674258e-6;37.621531923035946
1.5174263021574244e-6;37.71660959348887
1.5176250550179692e-6;37.72028165324855
1.5178236725828226e-6;37.62378429311964
1.5180221548856346e-6;37.58911892397974
1.5182205019599431e-6;37.57016234731301
1.5184187138391712e-6;37.54883228252167
1.5186167905566329e-6;37.52893154884594
1.5188147321455307e-6;37.540423867854365
1.5190125386389546e-6;37.522789854601186
1.519210210069886e-6;37.48420622467569
1.5194077464711955e-6;37.41781696143167
1.5196051478756453e-6;37.37351695803714
1.5198024143158869e-6;37.35678725905905
1.519999545824465e-6;37.37033531333878
1.5201965424338164e-6;37.34239604435455
1.5203934041762687e-6;37.26890140741822
1.5205901310840434e-6;37.25911632295048
1.5207867231892563e-6;37.20572720364261
1.5209831805239152e-6;37.21315880605899
1.5211795031199246e-6;37.15836275164994
1.521375691009081e-6;37.16086853774832
1.5215717442230784e-6;37.113853790984514
1.5217676627935053e-6;37.12144414214886
1.5219634467518474e-6;37.044936970092984
1.5221590961294854e-6;36.99056854547668
1.5223546109576992e-6;36.98448538015329
1.5225499912676652e-6;36.98187569866122
1.5227452370904575e-6;36.97229342759718
1.5229403484570496e-6;36.91700208290162
1.5231353253983132e-6;36.86546899063006
1.52333016794502e-6;36.83407299132095
1.523524876127841e-6;36.771505212734326
1.5237194499773486e-6;36.750447359558926
1.5239138895240153e-6;36.75961549642169
1.524108194798215e-6;36.697816152085366
1.5243023658302235e-6;36.67359546183087
1.5244964026502185e-6;36.588695922019625
1.524690305288281e-6;36.53309012938479
1.5248840737743945e-6;36.508900778563124
1.525077708138447e-6;36.50404669868032
1.52527120841023e-6;36.49140064144219
1.5254645746194393e-6;36.42958879409791
1.525657806795677e-6;36.39386869017684
1.5258509049684488e-6;36.32356046239073
1.5260438691671678e-6;36.3164666295842
1.5262366994211534e-6;36.25826713285711
1.5264293957596316e-6;36.23559390005437
1.5266219582117353e-6;36.22317660833844
1.5268143868065063e-6;36.193020758756084
1.527006681572894e-6;36.103407114521566
1.5271988425397565e-6;36.04442066260723
1.5273908697358618e-6;35.996647787884164
1.527582763189886e-6;35.97914471202528
1.5277745229304177e-6;35.94171479114912
1.5279661489859544e-6;35.91287265058499
1.528157641384905e-6;35.8849580100721
1.5283490001555903e-6;35.770319856260315
1.5285402253262432e-6;35.73451822035486
1.5287313169250086e-6;35.69139725472459
1.5289222749799443e-6;35.63955464995813
1.529113099519022e-6;35.62411832949727
1.5293037905701276e-6;35.59667278388058
1.5294943481610603e-6;35.521813388393355
1.5296847723195347e-6;35.44564097496043
1.5298750630731807e-6;35.4257647626053
1.5300652204495443e-6;35.35926741395569
1.5302552444760866e-6;35.32499586094663
1.5304451351801867e-6;35.289167002776544
1.530634892589139e-6;35.2283531366053
1.5308245167301587e-6;35.19696767159853
1.5310140076303752e-6;35.17195897949974
1.531203365316839e-6;35.14414920580369
1.5313925898165192e-6;35.06369717095504
1.5315816811563034e-6;35.00099191915723
1.5317706393630008e-6;34.984484031739996
1.5319594644633395e-6;34.941545940184426
1.532148156483969e-6;34.893959217271295
1.5323367154514597e-6;34.848690327204025
1.5325251413923046e-6;34.74653253362063
1.5327134343329187e-6;34.71144965160633
1.5329015942996392e-6;34.71291711058939
1.5330896213187274e-6;34.671639659690904
1.5332775154163674e-6;34.66125870418199
1.5334652766186678e-6;34.58637849025649
1.533652904951662e-6;34.51939869365103
1.5338404004413076e-6;34.44825199509748
1.5340277631134887e-6;34.434194617828176
1.5342149929940154e-6;34.39963935920905
1.5344020901086233e-6;34.32969290874406
1.5345890544829758e-6;34.30558769522757
1.534775886142663e-6;34.2845877351558
1.5349625851132034e-6;34.22425676371204
1.535149151420044e-6;34.196253608877434
1.53533558508856e-6;34.16973172603036
1.5355218861440555e-6;34.1077723337721
1.535708054611765e-6;34.0705081480425
1.5358940905168541e-6;34.04491617758686
1.5360799938844167e-6;34.008832155483624
1.5362657647394794e-6;34.008832155483624
1.5364514031070002e-6;33.94801777162711
1.5366369090118688e-6;33.91993072259713
1.5368222824789078e-6;33.85963570600697
1.5370075235328722e-6;33.879234669734366
1.5371926321984516e-6;33.80573003066887
1.5373776085002678e-6;33.780343224573315
1.5375624524628777e-6;33.72175286115064
1.537747164110774e-6;33.70883016777606
1.5379317434683836e-6;33.67355921026019
1.538116190560069e-6;33.69957607346053
1.5383005054101295e-6;33.656751404559174
1.5384846880428011e-6;33.60971883725936
1.5386687384822574e-6;33.58505911490235
1.5388526567526078e-6;33.61727836017593
1.5390364428779012e-6;33.57363030615143
1.539220096882126e-6;33.592661646067484
1.5394036187892073e-6;33.55068206348851
1.5395870086230117e-6;33.53916230920363
1.5397702664073439e-6;33.502480183341625
1.5399533921659513e-6;33.51409751925439
1.5401363859225197e-6;33.484995702838376
1.540319247700678e-6;33.52182518111363
1.5405019775239966e-6;33.477202170340384
1.5406845754159878e-6;33.46548558548474
1.540867041400106e-6;33.471347829100196
1.5410493754997507e-6;33.50635608258954
1.5412315777382636e-6;33.502480183341625
1.5414136481389311e-6;33.477202170340384
1.5415955867249834e-6;33.483048630481605
1.5417773935195965e-6;33.5276119172383
1.541959068545892e-6;33.510228525841235
1.5421406118269378e-6;33.51989455435632
1.542322023385747e-6;33.53146546213979
1.5425033032452807e-6;33.53531559077762
1.5426844514284474e-6;33.53723937588949
1.542865467958103e-6;33.56599435724971
1.5430463528570518e-6;33.60593413565249
1.5432271061480465e-6;33.6285930295868
1.5434077278537907e-6;33.6660971039243
1.543588217996936e-6;33.662361237182935
1.5437685766000846e-6;33.68844506825822
1.5439488036857893e-6;33.72175286115064
1.544128899276555e-6;33.736474722092176
1.544308863394837e-6;33.74565060722765
1.544488696063043e-6;33.78942698613437
1.5446683973035334e-6;33.830969299490945
1.544847967138622e-6;33.87389826338729
1.5450274055905747e-6;33.88988785124714
1.5452067126816125e-6;33.89874558390985
1.5453858884339105e-6;33.98460849608223
1.5455649328695987e-6;34.02089350572097
1.545743846010762e-6;34.09087369447835
1.5459226278794414e-6;34.11451342137938
1.5461012784976343e-6;34.13802516769351
1.5462797978872948e-6;34.16141031168329
1.5464581860703335e-6;34.20945405921972
1.546636443068619e-6;34.28620672671939
1.5468145689039786e-6;34.3568513794163
1.546992563598198e-6;34.38067450453494
1.5471704271730208e-6;34.39963935920905
1.5473481596501515e-6;34.43575879750257
1.5475257610512537e-6;34.525530632289254
1.5477032313979517e-6;34.59241664878082
1.5478805707118313e-6;34.61198288622493
1.5480577790144382e-6;34.65382851448418
1.5482348563272815e-6;34.69822015978163
1.5484118026718321e-6;34.75816413031318
1.5485886180695227e-6;34.87279816443069
1.54876530254175e-6;34.902394852462876
1.5489418561098753e-6;34.92620722043192
1.5491182787952222e-6;34.9748253736737
1.5492945706190802e-6;35.0392680419351
1.549470731602704e-6;35.12016969496126
1.549646761767313e-6;35.165353738958
1.5498226611340922e-6;35.22052800868822
1.5499984297241953e-6;35.23746466811565
1.550174067558741e-6;35.333907080175514
1.5503495746588157e-6;35.389505620143616
1.5505249510454744e-6;35.462958351214425
1.5507001967397394e-6;35.50839605065785
1.5508753117626026e-6;35.57747741641468
1.5510502961350257e-6;35.63243701140398
1.5512251498779381e-6;35.69958818096594
1.5513998730122417e-6;35.743785644130824
1.5515744655588077e-6;35.796692935547206
1.5517489275384792e-6;35.826314394896364
1.55192325897207e-6;35.8849580100721
1.5520974598803666e-6;35.92731766393962
1.552271530284128e-6;36.001012556913906
1.5524454702040868e-6;36.083120426973274
1.5526192796609471e-6;36.12571954065176
1.5527929586753894e-6;36.16790486329716
1.552966507268067e-6;36.20552444729435
1.553139925459608e-6;36.28286731089514
1.5533132132706166e-6;36.314437690131726
1.5534863707216728e-6;36.40779477344857
1.5536593978333329e-6;36.49432223241617
1.5538322946261285e-6;36.528263025610045
1.5540050611205706e-6;36.58488381309017
1.5541776973371453e-6;36.590600722409384
1.55435020329632e-6;36.671726724788684
1.5545225790185377e-6;36.7089495352021
1.554694824524222e-6;36.813317059691656
1.5548669398337754e-6;36.86457510469112
1.5550389249675817e-6;36.91523522168155
1.555210779946003e-6;36.924944075030844
1.5553825047893841e-6;36.98187569866122
1.5555540995180505e-6;37.00270937356437
1.5557255641523092e-6;37.096091210726485
1.5558968987124498e-6;37.135745377720696
1.5560681032187452e-6;37.187507347396654
1.556239177691451e-6;37.27378569451489
1.5564101221508063e-6;37.307015442818454
1.556580936617035e-6;37.34959761272445
1.5567516211103451e-6;37.39018245883481
1.5569221756509297e-6;37.44292983122676
1.5570926002589684e-6;37.522789854601186
1.5572628949546254e-6;37.5785134368558
1.5574330597580522e-6;37.646243978509816
1.557603094689388e-6;37.6477371691104
1.557772999768757e-6;37.72615049849171
1.5579427750162742e-6;37.724684030532806
1.5581124204520415e-6;37.811088357294665
1.5582819360961498e-6;37.84189205380961
1.5584513219686786e-6;37.87318756624548
1.558620578089698e-6;37.92741785834749
1.5587897044792685e-6;37.96296740051792
1.5589587011574412e-6;38.0222623769107
1.5591275681442574e-6;38.09963521714014
1.5592963054597514e-6;38.06993513682107
1.559464913123948e-6;38.112397727532894
1.5596333911568667e-6;38.147801457458044
1.5598017395785173e-6;38.22429623779357
1.5599699584089062e-6;38.28144107303786
1.560138047668031e-6;38.35817354293473
1.5603060073758846e-6;38.32636627596703
1.5604738375524554e-6;38.38408278494187
1.560641538217727e-6;38.41609712168435
1.5608091093916785e-6;38.518085142282374
1.5609765510942846e-6;38.522969658269254
1.561143863345518e-6;38.607571230815424
1.561311046165348e-6;38.62787098235344
1.5614780995737419e-6;38.668778143374986
1.5616450235906642e-6;38.67938650890785
1.5618118182360792e-6;38.70988813760575
1.5619784835299494e-6;38.708134239155974
1.5621450194922375e-6;38.75697761980208
1.5623114261429055e-6;38.83774961355258
1.5624777035019166e-6;38.87392218971847
1.562643851589234e-6;38.89861721258188
1.5628098704248238e-6;38.89077492650064
1.562975760028652e-6;38.880109122450285
1.5631415204206882e-6;38.92817824309576
1.5633071516209051e-6;38.985606449397125
1.563472653649277e-6;39.0655051910145
1.563638026525784e-6;39.02492421158604
1.563803270270409e-6;39.04282657645628
1.5639683849031396e-6;39.09716453234345
1.5641333704439701e-6;39.109444057499786
1.5642982269128977e-6;39.17452991929664
1.5644629543299281e-6;39.185545305502735
1.5646275527150712e-6;39.1634865227546
1.564792022088347e-6;39.25621454790829
1.5649563624697797e-6;39.28395852256714
1.5651205738794034e-6;39.3379088414342
1.56528465633726e-6;39.34498451243568
1.5654486098634005e-6;39.37317247762494
1.5656124344778842e-6;39.38769822783117
1.5657761302007819e-6;39.41759813814696
1.565939697052173e-6;39.43346098356591
1.5661031350521488e-6;39.50413539369381
1.5662664442208107e-6;39.48070481518941
1.5664296245782724e-6;39.55302822761692
1.5665926761446604e-6;39.55302822761692
1.5667555989401122e-6;39.57798774929998
1.566918392984779e-6;39.59566046637927
1.567081058298826e-6;39.60470777534299
1.5672435949024318e-6;39.60756090901773
1.5674060028157897e-6;39.65718970244221
1.5675682820591076e-6;39.655309436228606
1.567730432652609e-6;39.713686367914235
1.5678924546165333e-6;39.68296115046256
1.5680543479711355e-6;39.68529644374839
1.5682161127366886e-6;39.646838149760406
1.5683777489334818e-6;39.721102284028305
1.5685392565818227e-6;39.74603792087032
1.5687006357020355e-6;39.80094313785294
1.5688618863144658e-6;39.7657921864011
1.5690230084394756e-6;39.73635773417407
1.569184002097448e-6;39.729892268553485
1.5693448673087848e-6;39.76258249257045
1.56950560409391e-6;39.83175072037813
1.569666212473268e-6;39.85650973690949
1.5698266924673234e-6;39.84887201064328
1.5699870440965637e-6;39.84527313343793
1.5701472673814984e-6;39.812294874200006
1.5703073623426609e-6;39.813655090785446
1.5704673290006058e-6;39.82406928863795
1.5706271673759137e-6;39.88915520512687
1.570786877489187e-6;39.89316304989951
1.5709464593610556e-6;39.90116766067904
1.5711059130121723e-6;39.89850109603181
1.5712652384632156e-6;39.89360813776247
1.5714244357348914e-6;39.87889609997745
1.5715835048479316e-6;39.88335955856051
1.5717424458230944e-6;39.91890303936025
1.5719012586811657e-6;39.944931228835124
1.5720599434429603e-6;39.96905510695666
1.572218500129321e-6;40.023820749327605
1.572376928761118e-6;39.940090331236135
1.5725352293592518e-6;39.90250032927817
1.5726934019446553e-6;39.912260756924944
1.5728514465382863e-6;39.97692117941726
1.5730093631611374e-6;39.99565488225982
1.5731671518342313e-6;40.03718963823115
1.5733248125786233e-6;39.9563519459755
1.5734823454153975e-6;39.93215720474137
1.5736397503656743e-6;39.9202302776385
1.5737970274506056e-6;39.98128507128266
1.573954176691377e-6;39.96861768490673
1.5741111981092078e-6;40.025979807199086
1.5742680917253517e-6;39.98695158311656
1.5744248575610983e-6;39.98956440470486
1.5745814956377716e-6;39.92950960570446
1.5747380059767307e-6;39.9528410768926
1.574894388599373e-6;39.9510845774474
1.5750506435271319e-6;39.98825819040286
1.5752067707814772e-6;39.977794308656044
1.5753627703839169e-6;39.99565488225982
1.5755186423559976e-6;39.977794308656044
1.5756743867193049e-6;39.951523768914534
1.575830003495461e-6;39.92420956052024
1.5759854927061306e-6;39.91536175300031
1.5761408543730174e-6;39.91801798844644
1.5762960885178656e-6;39.971678714458335
1.5764511951624598e-6;39.95196291597179
1.5766061743286264e-6;39.98172121939441
1.5767610260382342e-6;39.93832866613986
1.5769157503131939e-6;39.895832893110054
1.5770703471754582e-6;39.872639541222355
1.5772248166470255e-6;39.9334803992326
1.5773791587499351e-6;39.9532800907741
1.5775333735062724e-6;39.95371906028162
1.5776874609381665e-6;39.9149188891016
1.5778414210677925e-6;39.87040286979267
1.5779952539173706e-6;39.875322027298395
1.5781489595091674e-6;39.83310485794115
1.5783025378654944e-6;39.877109431303055
1.5784559890087131e-6;39.8878184345364
1.5786093129612307e-6;39.84797257089293
1.5787625097455022e-6;39.873980991370175
1.5789155793840309e-6;39.76212377117377
1.5790685218993697e-6;39.778150260831865
1.5792213373141212e-6;39.749259860897624
1.5793740256509367e-6;39.826781933834845
1.5795265869325178e-6;39.793662423961614
1.5796790211816182e-6;39.778607292646974
1.579831328421041e-6;39.729892268553485
1.5799835086736423e-6;39.702538695947865
1.5801355619623299e-6;39.67501174722842
1.5802874883100637e-6;39.675479762188615
1.5804392877398581e-6;39.673139182870834
1.5805909602747792e-6;39.699281894281164
1.5807425059379478e-6;39.66986025117938
1.58089392475254e-6;39.70114322285097
1.5810452167417862e-6;39.622746046233146
1.5811963819289718e-6;39.595183769729985
1.581347420337438e-6;39.56264502698276
1.5814983319905834e-6;39.57176130404846
1.581649116911863e-6;39.58420528052518
1.5817997751247878e-6;39.64730921053629
1.5819503066529281e-6;39.562164692433896
1.5821007115199111e-6;39.51968584492911
1.5822509897494245e-6;39.422065422770956
1.5824011413652132e-6;39.445813642269265
1.5825511663910819e-6;39.47433721887051
1.5827010648508968e-6;39.494875899465036
1.5828508367685834e-6;39.4797257924578
1.5830004821681284e-6;39.458623244896174
1.5831500010735794e-6;39.39918420369057
1.5832993935090475e-6;39.37317247762494
1.5834486594987046e-6;39.34498451243568
1.5835977990667857e-6;39.34397440780988
1.5837468122375906e-6;39.37568038600383
1.583895699035481e-6;39.353056902899255
1.5840444594848828e-6;39.32524497050542
1.5841930936102881e-6;39.29470016177489
1.5843416014362534e-6;39.18868743380985
1.5844899829874015e-6;39.2147838037569
1.5846382382884186e-6;39.23503066942104
1.5847863673640614e-6;39.23399466158716
1.584934370239151e-6;39.20905604164024
1.5850822469385767e-6;39.20957705955449
1.5852299974872959e-6;39.14290255665949
1.5853776219103344e-6;39.1270020819086
1.5855251202327862e-6;39.08002201172553
1.5856724924798163e-6;39.11636933129442
1.5858197386766573e-6;39.09609510490169
1.5859668588486137e-6;39.083777724323944
1.586113853021061e-6;39.04715545278681
1.586260721219444e-6;39.021117234480045
1.5864074634692813e-6;38.95146189375992
1.5865540797961626e-6;38.95312024475787
1.58670057022575e-6;38.92150277901364
1.58684693478378e-6;38.95201474778893
1.5869931734960599e-6;38.95035597452323
1.5871392863884747e-6;38.990540679981706
1.5872852734869813e-6;38.89469783969508
1.5874311348176118e-6;38.80298991425752
1.587576870406474e-6;38.74423830586502
1.587722480279753e-6;38.729134416203955
1.5878679644637083e-6;38.75813388839758
1.5880133229846764e-6;38.795546009389746
1.5881585558690717e-6;38.795546009389746
1.588303663143386e-6;38.722145633975856
1.58844864483419e-6;38.57935264719429
1.5885935009681325e-6;38.564872128686304
1.5887382315719408e-6;38.51258348719075
1.5888828366724232e-6;38.57091154673513
1.5890273162964674e-6;38.576942577865495
1.58917167047104e-6;38.60936620700094
1.589315899223192e-6;38.515029527705444
1.5894600025800534e-6;38.48558572123763
1.5896039805688364e-6;38.39666556882433
1.589747833216836e-6;38.36893516376434
1.5898915605514302e-6;38.36893516376434
1.5900351626000804e-6;38.389120274059984
1.59017863939033e-6;38.39603729470837
1.5903219909498102e-6;38.36260802858487
1.590465217306233e-6;38.28788748184953
1.5906083184873992e-6;38.23082796532803
1.5907512945211917e-6;38.17829699745606
1.5908941454355824e-6;38.21120323776824
1.591036871258628e-6;38.22298871262366
1.591179472018474e-6;38.2059549654449
1.5913219477433517e-6;38.208579894397005
1.59146429846158e-6;38.16903839375661
1.5916065242015692e-6;38.07873132003332
1.591748624991815e-6;38.06519134080705
1.5918906008609045e-6;38.026369180828105
1.5920324518375145e-6;38.05908455074197
1.5921741779504112e-6;38.07805532270625
1.592315779228453e-6;38.085485512404055
1.5924572557005878e-6;38.052969161579846
1.592598607395856e-6;38.007857903277625
1.5927398343433908e-6;37.90988475088816
1.5928809365724176e-6;37.83903579272735
1.5930219141122542e-6;37.785853278629624
1.5931627669923125e-6;37.82042416620554
1.5933034952420993e-6;37.84902449886655
1.5934440988912141e-6;37.83903579272735
1.5935845779693523e-6;37.75828814464612
1.5937249325063054e-6;37.69451179402038
1.5938651625319603e-6;37.60422483423212
1.5940052680762988e-6;37.54424789277258
1.5941452491694015e-6;37.56179516843809
1.5942851058414461e-6;37.57471947765668
1.5944248381227072e-6;37.58457688610466
1.5945644460435575e-6;37.5564621945668
1.594703929634469e-6;37.501997278291825
1.5948432889260131e-6;37.417029839577395
1.5949825239488603e-6;37.39888655084543
1.595121634733781e-6;37.39097446117475
1.595260621311646e-6;37.38066714777469
1.5953994837134278e-6;37.42332282357148
1.5955382219702016e-6;37.38066714777469
1.5956768361131406e-6;37.3559889969818
1.5958153261735246e-6;37.31830420288163
1.5959536921827334e-6;37.20242018287057
1.5960919341722522e-6;37.165041637732166
1.5962300521736685e-6;37.151673578484576
