1.5089604597499891e-6;42.08253193072685
1.5091649254775282e-6;41.972805581256196
1.5093692543892033e-6;41.88900373175912
1.5095734465238163e-6;41.8446428934699
1.509777501920035e-6;41.85740417574962
1.5099814206163968e-6;41.847481976279404
1.5101852026513074e-6;41.77363324750361
1.510388848063043e-6;41.72106477792496
1.510592356889747e-6;41.78545314511007
1.5107957291694346e-6;41.799537296315485
1.5109989649399917e-6;41.6387665564692
1.5112020642391747e-6;41.48386687666821
1.511405027104611e-6;41.57849480452902
1.5116078535738016e-6;41.65867268352943
1.5118105436841181e-6;41.50111425128782
1.5120130974728069e-6;41.40162229613637
1.5122155149769856e-6;41.39973487984459
1.5124177962336478e-6;41.449787380200306
1.51261994127966e-6;41.35418905027852
1.5128219501517637e-6;41.304302676581415
1.5130238228865767e-6;41.3155450976124
1.513225559520591e-6;41.315865882398086
1.5134271600901758e-6;41.2404751911003
1.5136286246315764e-6;41.14043562548077
1.5138299531809152e-6;41.10387665875087
1.514031145774193e-6;41.15810141409786
1.514232202447288e-6;41.177351793304965
1.514433123235956e-6;40.99266172031917
1.514633908175834e-6;40.905754552222014
1.5148345573024365e-6;40.900463224573556
1.5150350706511583e-6;40.933166012043316
1.5152354482572758e-6;40.83359264660818
1.515435690155944e-6;40.75400955513898
1.5156357963822012e-6;40.73901558314206
1.515835766970967e-6;40.69557104582695
1.5160356019570422e-6;40.59752694209298
1.5162353013751113e-6;40.49876719873882
1.516434865259742e-6;40.473917022004436
1.516634293645385e-6;40.50418427245135
1.5168335865663757e-6;40.497992779189865
1.5170327440569331e-6;40.369082229202185
1.5172317661511629e-6;40.25592568851674
1.5174306528830544e-6;40.288558093904435
1.5176294042864846e-6;40.26900808890255
1.5178280203952153e-6;40.166573448222024
1.5180265012428962e-6;40.1359552353729
1.5182248468630648e-6;40.134692323091706
1.518423057289144e-6;40.05266332972769
1.5186211325544482e-6;39.950206061247584
1.518819072692179e-6;39.88648125235751
1.5190168777354267e-6;39.83400738180538
1.5192145477171713e-6;39.81682727371285
1.5194120826702845e-6;39.75569657893662
1.5196094826275274e-6;39.67032882158702
1.5198067476215518e-6;39.59804316508338
1.520003877684902e-6;39.52453396423033
1.5202008728500141e-6;39.45960703577568
1.520397733149216e-6;39.38269483462911
1.5205944586147292e-6;39.36463474004747
1.5207910492786683e-6;39.28805370893284
1.5209875051730416e-6;39.25054120311842
1.5211838263297532e-6;39.09609510490169
1.5213800127805996e-6;39.06227263052359
1.521576064557274e-6;39.01076715726255
1.5217719816913653e-6;39.03795142741035
1.5219677642143586e-6;38.97517129400526
1.5221634121576346e-6;38.89357736888932
1.5223589255524726e-6;38.81783955593385
1.5225543044300493e-6;38.77716800864977
1.522749548821438e-6;38.696423446515944
1.522944658757612e-6;38.62608363964942
1.5231396342694436e-6;38.603380065709935
1.5233344753877032e-6;38.59618578772181
1.5235291821430623e-6;38.51319512648745
1.5237237545660928e-6;38.387861449465944
1.5239181926872667e-6;38.31485839248658
1.5241124965369585e-6;38.256208250035
1.5243066661454428e-6;38.24060717418653
1.5245007015428978e-6;38.18621726375889
1.524694602759404e-6;38.13314058945835
1.524888369824945e-6;38.06790271584067
1.5250820027694078e-6;37.989957344438814
1.5252755016225842e-6;37.9448804665917
1.52546886641417e-6;37.8738962135211
1.525662097173767e-6;37.85329835010767
1.5258551939308802e-6;37.80605305838969
1.526048156714923e-6;37.7952434332479
1.5262409855552142e-6;37.68860000842957
1.52643368048098e-6;37.62978490867743
1.5266262415213527e-6;37.61401557498631
1.5268186687053738e-6;37.61927838420529
1.527010962061993e-6;37.551122663950714
1.527203121620068e-6;37.50893920382125
1.5273951474083663e-6;37.45465168670727
1.5275870394555638e-6;37.43979865241843
1.5277787977902498e-6;37.37828505895785
1.5279704224409206e-6;37.32715340349993
1.5281619134359846e-6;37.323133274712426
1.5283532708037637e-6;37.28678366850914
1.5285444945724896e-6;37.28516104759767
1.5287355847703072e-6;37.2296280894249
1.5289265414252742e-6;37.16670975560135
1.5291173645653623e-6;37.165041637732166
1.5293080542184565e-6;37.1575271682286
1.5294986104123564e-6;37.13406532167691
1.5296890331747764e-6;37.119758543517555
1.529879322533346e-6;37.13406532167691
1.5300694785156108e-6;37.10963118995276
1.530259501149032e-6;37.11132072306842
1.5304493904609882e-6;37.104558643354245
1.5306391464787745e-6;37.06632450873295
1.5308287692296045e-6;37.08080810468231
1.5310182587406085e-6;37.15334683792313
1.5312076150388363e-6;37.16670975560135
1.5313968381512568e-6;37.14999967412042
1.5315859281047581e-6;37.112165243210896
1.5317748849261482e-6;37.16754357432697
1.5319637086421551e-6;37.19993826367604
1.5321523992794287e-6;37.23701893991268
1.5323409568645397e-6;37.24603515396716
1.5325293814239795e-6;37.24849087629386
1.5327176729841635e-6;37.28028954420518
1.532905831571429e-6;37.35918116531297
1.5330938572120367e-6;37.36077637003946
1.5332817499321707e-6;37.37590166285722
1.5334695097579395e-6;37.41230411025471
1.533657136715376e-6;37.49504423876142
1.5338446308304382e-6;37.522021531765205
1.5340319921290093e-6;37.57775491011925
1.5342192206368996e-6;37.60045327965811
1.5344063163798444e-6;37.642508754387734
1.534593279383507e-6;37.695988483874466
1.5347801096734777e-6;37.75537634780957
1.534966807275274e-6;37.788744720027395
1.535153372214343e-6;37.87460474518415
1.5353398045160596e-6;37.96157876906915
1.5355261042057282e-6;38.02842112739074
1.5357122713085831e-6;38.057047044338645
1.5358983058497888e-6;38.09222921689422
1.5360842078544402e-6;38.184898222042136
1.5362699773475629e-6;38.32061614590727
1.5364556143541152e-6;38.39037873388306
1.5366411188989867e-6;38.44042042041016
1.5368264910069991e-6;38.46522668416287
1.5370117307029078e-6;38.563663236592475
1.537196838011402e-6;38.63976783904387
1.5373818129571036e-6;38.691143269793756
1.537566655564569e-6;38.74307833128039
1.5377513658582909e-6;38.85474302829157
1.5379359438626956e-6;38.985057855343584
1.5381203896021463e-6;39.05634001326955
1.538304703100941e-6;39.10624404889201
1.5384888843833168e-6;39.11210893137553
1.538672933473446e-6;39.201755220100225
1.5388568503954386e-6;39.34094268355481
1.5390406351733429e-6;39.43642882752129
1.5392242878311466e-6;39.498289589353135
1.539407808392776e-6;39.5535095736766
1.5395911968820964e-6;39.62937288430002
1.5397744533229127e-6;39.736819185039835
1.5399575777389723e-6;39.830847727377886
1.5401405701539608e-6;39.90072334692153
1.5403234305915066e-6;40.004340774793185
1.5405061590751798e-6;40.12837224705172
1.5406887556284928e-6;40.23046584075505
1.5408712202749005e-6;40.26288062023943
1.5410535530378009e-6;40.334237554869496
1.5412357539405367e-6;40.36189588754199
1.5414178230063933e-6;40.496830890882485
1.5415997602586012e-6;40.62469165814253
1.5417815657203362e-6;40.685198060009114
1.5419632394147196e-6;40.74706756471868
1.5421447813648192e-6;40.78855402979768
1.5423261915936478e-6;40.95239112010478
1.5425074701241666e-6;41.009905230699644
1.5426886169792837e-6;41.062249048967985
1.5428696321818546e-6;41.08666482553972
1.543050515754684e-6;41.19981307304154
1.5432312677205243e-6;41.3433651094868
1.5434118881020785e-6;41.406337251348184
1.5435923769219981e-6;41.434519990216316
1.5437727342028857e-6;41.4323345465317
1.5439529599672935e-6;41.53021743626138
1.5441330542377262e-6;41.69056932744852
1.5443130170366393e-6;41.78746796528958
1.5444928483864402e-6;41.87774455163985
1.5446725483094889e-6;41.87012807018954
1.5448521168280992e-6;41.97473535014777
1.5450315539645366e-6;42.10960255416812
1.5452108597410223e-6;42.16429830876251
1.545390034179731e-6;42.1648259735246
1.545569077302793e-6;42.24714304530398
1.545747989132292e-6;42.327420627207374
1.54592676969027e-6;42.50346800440827
1.5461054189987233e-6;42.4995618195868
1.5462839370796067e-6;42.52270345988322
1.5464623239548301e-6;42.5678988192681
1.546640579646262e-6;42.70934912874858
1.5468187041757297e-6;42.80100110054924
1.5469966975650184e-6;42.859621617313934
1.547174559835872e-6;42.87913647076033
1.5473522910099944e-6;42.91790506385784
1.5475298911090493e-6;43.06875173644637
1.547707360154661e-6;43.15445518224585
1.547884698168415e-6;43.16808752053022
1.5480619051718565e-6;43.160962096751305
1.548238981186495e-6;43.2070697430959
1.5484159262338006e-6;43.328220855551
1.5485927403352063e-6;43.43802333161655
1.5487694235121088e-6;43.43605508104172
1.5489459757858688e-6;43.4738856792903
1.54912239717781e-6;43.525491009162266
1.5492986877092217e-6;43.61160995195026
1.5494748474013582e-6;43.736474722092176
1.5496508762754393e-6;43.754807146185726
1.5498267743526498e-6;43.77215156263061
1.5500025416541421e-6;43.85499027152057
1.5501781782010363e-6;44.004516399569454
1.5503536840144175e-6;44.036866231224565
1.5505290591153412e-6;44.105410478939135
1.5507043035248295e-6;44.09290500640455
1.5508794172638737e-6;44.129139258233074
1.5510544003534355e-6;44.18930727728501
1.551229252814445e-6;44.28491158175518
1.5514039746678028e-6;44.310419453358854
1.5515785659343802e-6;44.37560319195281
1.5517530266350206e-6;44.40688731872159
1.5519273567905374e-6;44.476540844879864
1.5521015564217168e-6;44.488299448651816
1.5522756255493177e-6;44.56320475374373
1.5524495641940724e-6;44.57897028682284
1.5526233723766855e-6;44.63892988985907
1.5527970501178368e-6;44.76324317420228
1.5529705974381792e-6;44.82015576450712
1.5531440143583417e-6;44.85934263771752
1.5533173008989274e-6;44.80739735593566
1.5534904570805162e-6;44.85323850912937
1.5536634829236644e-6;44.93290714306025
1.5538363784489036e-6;44.990819473883256
1.5540091436767445e-6;45.076265252421415
1.5541817786276733e-6;45.037089898917074
1.5543542833221569e-6;45.12537650318858
1.5545266577806382e-6;45.11629391498832
1.554698902023541e-6;45.20614521878236
1.5548710160712673e-6;45.22052800868822
1.555042999944201e-6;45.254594574866786
1.555214853662704e-6;45.29558673021163
1.5553865772471203e-6;45.41167217584145
1.555558170717776e-6;45.447251928502006
1.555729634094978e-6;45.54428584722054
1.5559009673990154e-6;45.535917818703105
1.5560721706501612e-6;45.51449997972875
1.5562432438686705e-6;45.613637900342844
1.5564141870747826e-6;45.67014596501424
1.556585000288721e-6;45.74100749286447
1.5567556835306938e-6;45.75234044010934
1.5569262368208939e-6;45.795549604009985
1.5570966601795003e-6;45.80879378060804
1.5572669536266777e-6;45.796807252147914
1.5574371171825773e-6;45.87396633063575
1.5576071508673376e-6;45.861370252307935
1.5577770547010836e-6;45.951433520260245
1.5579468287039293e-6;45.95463152458813
1.5581164728959766e-6;46.061555592866796
1.5582859872973169e-6;46.07326324300732
1.5584553719280288e-6;46.04787464017792
1.558624626808183e-6;46.0440967113295
1.558793751957839e-6;46.08205007704326
1.558962747397048e-6;46.18079490359221
1.5591316131458515e-6;46.292464531646985
1.5593003492242835e-6;46.2876685723129
1.5594689556523685e-6;46.30976752904219
1.5596374324501261e-6;46.32092696264134
1.559805779637566e-6;46.34426885047628
1.5599739972346937e-6;46.38449319993654
1.5601420852615074e-6;46.477251845042886
1.560310043738e-6;46.45697300920533
1.5604778726841592e-6;46.506668575628126
1.5606455721199687e-6;46.495587645056034
1.5608131420654076e-6;46.576389846160815
1.5609805825404503e-6;46.5342478363809
1.5611478935650692e-6;46.60486015784968
1.5613150751592334e-6;46.598591773573055
1.5614821273429106e-6;46.62776713639878
1.5616490501360649e-6;46.65984144285073
1.5618158435586597e-6;46.71293206167928
1.5619825076306584e-6;46.69400569511487
1.5621490423720237e-6;46.694377594224
1.5623154478027165e-6;46.74686653361548
1.5624817239427e-6;46.75540055713532
1.562647870811938e-6;46.814764165313456
1.5628138884303953e-6;46.83686295917995
1.5629797768180388e-6;46.8397410472636
1.5631455359948379e-6;46.86403868480213
1.5633111659807645e-6;46.90762951679437
1.5634766667957932e-6;46.987354219728516
1.5636420384599037e-6;46.94912167328569
1.5638072809930793e-6;46.95122534611543
1.5639723944153068e-6;47.003315524955255
1.5641373787465806e-6;47.02051224872647
1.5643022340068979e-6;47.12270791192907
1.5644669602162636e-6;47.12969413188024
1.5646315573946884e-6;47.069736761761774
1.5647960255621918e-6;47.13952312921501
1.5649603647387977e-6;47.11300959916166
1.5651245749445398e-6;47.15192460850222
1.5652886561994608e-6;47.17270968032131
1.5654526085236103e-6;47.22740837938038
1.5656164319370485e-6;47.243905737489584
1.5657801264598455e-6;47.22271859585036
1.5659436921120809e-6;47.17762011355187
1.5661071289138452e-6;47.24406957583041
1.5662704368852405e-6;47.23669072461483
1.56643361604638e-6;47.324018022389076
1.5665966664173896e-6;47.30111750090742
1.5667595880184074e-6;47.31967298515282
1.5669223808695838e-6;47.32787663164454
1.5670850449910846e-6;47.310808513692294
1.5672475804030878e-6;47.28207639665542
1.5674099871257862e-6;47.32248970862833
1.567572265179388e-6;47.31967298515282
1.5677344145841164e-6;47.402837196818794
1.5678964353602109e-6;47.39398275351916
1.5680583275279262e-6;47.42167179772407
1.568220091107535e-6;47.34839818031571
1.5683817261193267e-6;47.36922118679635
1.568543232583608e-6;47.36492116223802
1.568704610520704e-6;47.443868744822254
1.5688658599509593e-6;47.469920719880776
1.5690269808947363e-6;47.476215238090404
1.5691879733724176e-6;47.42850767953264
1.569348837404405e-6;47.394536685422885
1.5695095730111227e-6;47.45457364566793
1.569670180213014e-6;47.47668113597953
1.5698306590305441e-6;47.499680835094026
1.5699910094842001e-6;47.52609209479316
1.5701512315944918e-6;47.50246041870273
1.5703113253819519e-6;47.49604925478947
1.570471290867135e-6;47.485833652023175
1.5706311280706215e-6;47.54409499640688
1.5707908370130138e-6;47.542489259495255
1.5709504177149417e-6;47.55364068918141
1.5711098701970577e-6;47.574719477656686
1.57126919448004e-6;47.585939996313805
1.5714283905845944e-6;47.562099712095105
1.5715874585314532e-6;47.57805833671192
1.5717463983413734e-6;47.592975924795205
1.571905210035142e-6;47.56430701516937
1.5720638936335728e-6;47.55783415629643
1.5722224491575083e-6;47.621156414426565
1.5723808766278194e-6;47.58306181725307
1.572539176065406e-6;47.57449173467339
1.5726973474912003e-6;47.56620896263784
1.5728553909261606e-6;47.5743398993827
1.5730133063912792e-6;47.560500619592794
1.573171093907579e-6;47.617549878842524
1.5733287534961142e-6;47.57904432675549
1.5734862851779698e-6;47.596149708385774
1.5736436889742655e-6;47.58934590122702
1.5738009649061529e-6;47.62183230654824
1.573958112994818e-6;47.53514117789197
1.5741151332614791e-6;47.56803404891328
1.5742720257273908e-6;47.52248254177775
1.5744287904138418e-6;47.548603177930204
1.5745854273421559e-6;47.537745045569736
1.5747419365336924e-6;47.584728363924
1.5748983180098487e-6;47.56978237051421
1.5750545717920574e-6;47.560272129734415
1.5752106979017887e-6;47.49697675551072
1.5753666963605503e-6;47.503077862431375
1.5755225671898885e-6;47.52240571017397
1.5756783104113883e-6;47.54615864330675
1.5758339260466733e-6;47.53981171127868
1.5759894141174068e-6;47.52401888848226
1.5761447746452922e-6;47.478854665524835
1.5763000076520737e-6;47.502537603969614
1.5764551131595363e-6;47.45933158459443
1.5766100911895058e-6;47.50909334287183
1.576764941763851e-6;47.49249199921887
1.5769196649044824e-6;47.48575616930992
1.5770742606333525e-6;47.44214724814165
1.5772287289724594e-6;47.477612781844286
1.5773830699438423e-6;47.4778456620863
1.5775372835695866e-6;47.43901550485178
1.5776913698718214e-6;47.40141537823709
1.5778453288727212e-6;47.39414102698695
1.5779991605945063e-6;47.43940709628788
1.5781528650594427e-6;47.40275821910815
1.5783064422898425e-6;47.41372236906632
1.5784598923080665e-6;47.3726422380787
1.578613215136522e-6;47.298125071609356
1.5787664107976634e-6;47.3430366675543
1.5789194793139941e-6;47.275575224348955
1.5790724207080676e-6;47.34127472631969
1.5792252350024848e-6;47.289621797138665
1.579377922219898e-6;47.358223761153084
1.5795304823830083e-6;47.249636405012865
1.5796829155145692e-6;47.20919686737549
1.5798352216373837e-6;47.20762760093781
1.5799874007743075e-6;47.249472776551045
1.5801394529482484e-6;47.25715665766084
1.5802913781821663e-6;47.246362663851485
1.580443176499075e-6;47.168794002327076
1.5805948479220409e-6;47.134065321676914
1.5807463924741844e-6;47.099564855093455
1.5808978101786817e-6;47.182358824283114
1.5810491010587626e-6;47.171377079875434
1.5812002651377125e-6;47.18783930068115
1.5813513024388727e-6;47.11376937918617
1.581502212985641e-6;47.063336586482976
1.5816529968014725e-6;47.024046848141055
1.5818036539098784e-6;47.09854846624769
1.5819541843344288e-6;47.06760441781998
1.5821045880987503e-6;47.086757927265374
1.5822548652265304e-6;46.980918422399505
1.5824050157415142e-6;46.97874200948724
1.5825550396675058e-6;46.95823023856982
1.582704937028372e-6;46.95183872546038
1.5828547078480376e-6;46.95140060619693
1.5830043521504886e-6;46.940345384921606
1.5831538699597732e-6;46.89566339836786
1.5833032613000021e-6;46.888645680547924
1.5834525261953473e-6;46.829749501845875
1.5836016646700434e-6;46.77670814860437
1.5837506767483896e-6;46.789824709969245
1.5838995624547475e-6;46.76647892010013
1.5840483218135439e-6;46.7272574478169
1.5841969548492693e-6;46.7328822484155
1.5843454615864806e-6;46.63719766390145
1.5844938420498008e-6;46.666489979184846
1.5846420962639154e-6;46.64698373774749
1.5847902242535809e-6;46.58898169534276
1.5849382260436188e-6;46.52584746026659
1.5850861016589177e-6;46.53366902145936
1.5852338511244348e-6;46.509385888289295
1.585381474465196e-6;46.52913230033793
1.585528971706295e-6;46.444188931263355
1.5856763428728965e-6;46.4505856742024
1.585823587990233e-6;46.34880140766526
1.585970707083609e-6;46.30976752904219
1.5861177001783993e-6;46.33084490772176
1.5862645673000494e-6;46.3764980857142
1.5864113084740766e-6;46.33175460489315
1.5865579237260715e-6;46.31890010638621
1.586704413081695e-6;46.210931552589614
1.586850776566684e-6;46.16842959534867
1.586997014206846e-6;46.136410067167695
1.5871431260280647e-6;46.207084880206175
1.5872891120562978e-6;46.17430226689926
1.5874349723175768e-6;46.17388305361493
1.5875807068380095e-6;46.13788984783491
1.58772631564378e-6;46.08290637808986
1.587871798761149e-6;46.02179405891736
1.5880171562164515e-6;46.02602520420256
1.5881623880361025e-6;46.04215249604777
1.5883074942465933e-6;46.05542065288216
1.588452474874495e-6;45.97519677949027
1.588597329946455e-6;45.996975297768486
1.5887420594892017e-6;45.895139719944396
1.5888866635295423e-6;45.900165824556105
1.5890311420943644e-6;45.85832822475918
1.589175495210635e-6;45.885630067147034
1.5893197229054043e-6;45.844895320409755
1.5894638252058023e-6;45.869696754757676
1.5896078021390412e-6;45.809819659626775
1.589751653732415e-6;45.72952879657996
1.5898953800133028e-6;45.628279662199915
1.5900389810091648e-6;45.604924674521186
1.5901824567475446e-6;45.590443590707224
1.590325807256073e-6;45.58828524817011
1.590469032562462e-6;45.58312486160559
1.590612132694512e-6;45.54295289354138
1.5907551076801058e-6;45.415542837763454
1.5908979575472152e-6;45.367730118303626
1.591040682323897e-6;45.250966599987485
1.5911832820382955e-6;45.194341949137026
1.5913257567186424e-6;45.254594574866786
1.5914681063932565e-6;45.302509393667194
1.5916103310905474e-6;45.29520181405683
1.5917524308390113e-6;45.35547279176668
1.5918944056672348e-6;45.23811476089719
1.5920362556038941e-6;45.15343893088381
1.5921779806777557e-6;45.09417599459135
1.5923195809176777e-6;45.097803007595864
1.5924610563526077e-6;45.15091939823924
1.5926024070115859e-6;45.213211813291366
1.592743632923745e-6;45.17670853989429
1.5928847341183103e-6;45.13803369183894
1.5930257106246e-6;45.01045561860272
1.5931665624720253e-6;44.959603948817055
1.5933072896900923e-6;44.90800952010855
1.5934478923084012e-6;44.953916832669385
1.5935883703566469e-6;44.95155657424191
1.59372872386462e-6;44.949195032388225
1.593868952862208e-6;44.84185911097995
1.5940090573793924e-6;44.705280903489495
1.5941490374462534e-6;44.6314613672635
1.5942888930929682e-6;44.57715410495883
1.5944286243498115e-6;44.56153389374694
1.5945682312471557e-6;44.589247662340945
1.5947077138154728e-6;44.58123944661062
1.5948470720853335e-6;44.528440272961625
1.5949863060874086e-6;44.44325902788053
1.5951254158524677e-6;44.38637266168612
1.5952644014113822e-6;44.22228598248672
1.5954032627951236e-6;44.204838464200414
1.5955420000347668e-6;44.147561464249534
1.5956806131614857e-6;44.208300620261134
1.595819102206559e-6;44.21208934135096
1.5959574672013664e-6;44.163242391364136
1.5960957081773934e-6;44.10945858687774
1.5962338251662267e-6;43.9910236102616
